16_716_22.png,0.712890625,0.9921189146049482,0.9930898124662979,0.9853168469860897,0.9926041261191126
16_716_67.png,0.7578125,0.9866917803989378,0.9855354058721935,0.9726069091462487,0.9861132541274495
16_716_76.png,0.779296875,0.9713455697874026,0.9960731211916046,0.9676400947119179,0.9835539510629763
16_716_77.png,0.796875,0.9885339885339886,0.9945616348055373,0.9832192896709026,0.9915386511131192
16_716_78.png,0.779296875,0.9919738863287251,0.9920500806513557,0.9841505695889053,0.9920119820269595
17_731_119.png,0.7734375,0.9394812680115274,0.9919513152728701,0.9323738352246517,0.9650035808068752
17_731_142.png,0.8125,0.9780778164924506,0.9952725661102083,0.9735549132947977,0.9866002782455884
17_731_146.png,0.763671875,0.9748563597069211,0.992433592701905,0.9676642946839682,0.983566452161889
17_731_200.png,0.81640625,0.954876937101185,0.9816477938305349,0.9381297111724756,0.9680773229619931
17_731_368.png,0.779296875,0.9881779694863807,0.9901552745317752,0.978563518430628,0.9891656338703873
18_746_121.png,0.75390625,0.998790868639969,0.982959683944976,0.9817913853760578,0.9908120427012115
18_746_125.png,0.716796875,0.9955322005648409,0.9883026152502643,0.9839384995538472,0.9919042347079989
18_746_127.png,0.7109375,0.9972802011002823,0.9862257269189233,0.983580239387104,0.9917221596147935
18_746_128.png,0.736328125,0.9996071498723237,0.9690564600590308,0.9686875416389074,0.9840947546531302
18_746_130.png,0.76953125,0.9984244028486796,0.9783541763161958,0.9768459996916911,0.9882874031098425
18_746_134.png,0.748046875,0.9964207430426458,0.9864579041340475,0.9829747632342476,0.9914142947850813
18_746_137.png,0.796875,0.9990426346693898,0.98474410996823,0.9838157191791584,0.9918418426346888
18_746_146.png,0.72265625,0.9984121383203952,0.9842167050741336,0.9826785326676796,0.9912636027238291
18_746_151.png,0.72265625,0.9919156414762742,0.9868858191991607,0.9790112749349523,0.9893943378034885
18_746_160.png,0.814453125,0.9929199817742105,0.9921896889885122,0.9852194477290116,0.9925547010493492
18_746_164.png,0.796875,0.9942813698267883,0.989798940406068,0.984196060467247,0.9920350917695948
18_746_168.png,0.779296875,0.9971236517117399,0.9849598517603458,0.9821692535107169,0.9910044278722909
18_746_174.png,0.763671875,0.9969086124524156,0.9855526368963426,0.9825497947775288,0.9911980999072815
18_746_177.png,0.759765625,0.9962371147679996,0.9878862728610469,0.9842138331849835,0.9920441201694088
18_746_197.png,0.767578125,0.9487179487179487,0.9704294163023913,0.9220620571707794,0.9594508707258167
18_746_200.png,0.80859375,0.9979095897569898,0.9895918808032822,0.9875447140455975,0.9937333304421363
18_746_212.png,0.75,0.9975911504010851,0.9910780669144982,0.9887119579074242,0.9943239431695009
18_746_238.png,0.693359375,0.998283177593015,0.9712928936190521,0.969673146559939,0.9846031035692256
18_746_245.png,0.734375,0.9979872776065998,0.9881898481903403,0.9862243394558491,0.9930643984818327
18_746_250.png,0.74609375,0.9962377226569002,0.9662856035652005,0.9627722899707197,0.9810330978180685
18_746_254.png,0.771484375,0.9960719305200187,0.9787188838922134,0.9749559082892416,0.9873191641364529
18_746_261.png,0.787109375,0.9979286319555597,0.9899439601494396,0.9879139998757224,0.9939202600690809
18_746_262.png,0.759765625,0.9926810203936616,0.9870001413028119,0.9798695377709196,0.9898324299429625
18_746_264.png,0.720703125,0.9984733212895346,0.9851379509451962,0.9836562805504725,0.9917608107766572
18_746_271.png,0.76953125,0.9976899976899977,0.9883860632759311,0.9861293452822649,0.9930162379652249
18_746_287.png,0.744140625,0.9983132801079501,0.9882672484805307,0.9866198435277382,0.9932648631715557
18_746_294.png,0.771484375,0.9699173679600929,0.9850336452935262,0.9558315821074752,0.9774170647940291
18_746_323.png,0.69140625,0.9979379759498581,0.9859211747145912,0.9839167455061495,0.9918931807343825
18_746_331.png,0.7734375,0.9968868999638658,0.9830067150883924,0.9799983605213543,0.9898981535149458
18_746_333.png,0.78125,0.9987017904473414,0.9886479250334672,0.9873790042248248,0.9936494268338626
18_746_338.png,0.755859375,0.9987401682045695,0.9743232021258927,0.973127197929799,0.9863806032888323
18_746_339.png,0.748046875,0.9973748417183977,0.9826856951586891,0.980150540245235,0.9899757824714142
18_746_341.png,0.75,0.9952204911539477,0.9883306235904966,0.9836617512723477,0.9917635913899268
18_746_347.png,0.765625,0.9930203442879499,0.9902000561780219,0.9833560624845028,0.9916081949024083
18_746_352.png,0.78515625,0.9973099972759466,0.9898945518453427,0.9872585701284255,0.9935884388357419
18_746_361.png,0.734375,0.9982905135891782,0.9866549131957197,0.9849907108634008,0.992438609886456
18_746_367.png,0.779296875,0.9982451113817061,0.9893515067617932,0.987633760895755,0.9937784116231393
18_746_377.png,0.779296875,0.9979493617911697,0.9872893636401275,0.9852904718618296,0.9925907425907426
18_746_380.png,0.71875,0.9969319925004261,0.9840647983463924,0.9810936451643822,0.9904566071968551
18_746_399.png,0.74609375,0.9963506839736026,0.9897110855455946,0.9861363439743922,0.9930197863466587
18_746_400.png,0.75390625,0.9993978805394991,0.963319791062101,0.9627610208816705,0.9810272474732549
18_746_407.png,0.744140625,0.9913109266816452,0.983397393618231,0.9749932353206459,0.987338303629534
18_746_408.png,0.7265625,0.9936353757789458,0.9898378473909778,0.9836015191096086,0.9917329762392236
18_746_413.png,0.724609375,0.9882888383193651,0.9880968896534502,0.9766612730713325,0.9881928546652792
18_746_419.png,0.744140625,0.9978031098200991,0.9836369324060928,0.9815112733210075,0.9906693810285493
18_746_456.png,0.787109375,0.9990706617529242,0.9901858027632205,0.989274608110681,0.9946083904929016
18_746_474.png,0.693359375,0.9984250963032328,0.9841199916089783,0.9825946715817694,0.9912209345320472
18_746_485.png,0.71875,0.9998975777129103,0.9695359634530873,0.969439686204414,0.9844827368872193
18_746_488.png,0.775390625,0.9974672189536449,0.9915809903483005,0.9890906236919214,0.9945153950362352
18_746_497.png,0.77734375,0.9981474884218027,0.9889171255117888,0.9871054114994363,0.9935108684089217
18_746_501.png,0.814453125,0.9987856217616581,0.9855408212174469,0.9843612862044203,0.992119018898271
18_746_505.png,0.818359375,0.997937472861485,0.9777706870878536,0.9757987474790362,0.9877511550445901
18_746_525.png,0.810546875,0.9984970881082097,0.9845145037602341,0.9830577442385233,0.9914564990299954
18_746_530.png,0.705078125,0.996663477915957,0.9816159573490211,0.9784007879245975,0.9890824891461651
18_746_535.png,0.728515625,0.9991029970451667,0.9774921274069486,0.9766350319785434,0.9881794222790491
18_746_538.png,0.76953125,0.9994434076547818,0.9795905269238174,0.9790564161775555,0.9894173891905031
18_746_548.png,0.740234375,0.9985631266364391,0.9797612707165011,0.9783819296708798,0.9890728529183864
18_746_551.png,0.80078125,0.9984959055205838,0.9796676869261041,0.9782240899416035,0.9889921924573067
18_746_556.png,0.71875,0.9834117755629384,0.9850025419420437,0.9689041438410656,0.9842065159666583
18_756_4.png,0.751953125,0.9824959012440929,0.9901832142683579,0.973018147086915,0.9863245794505627
18_756_40.png,0.759765625,0.9932337186354666,0.9909732521863652,0.9843281686563373,0.9921021978162642
18_756_41.png,0.759765625,0.9950689088380327,0.995219909456486,0.9903357326219359,0.9951444034191492
18_756_45.png,0.751953125,0.9902836841255316,0.9809112479671546,0.9715606020596779,0.9855751844956671
18_756_9.png,0.708984375,0.9926242868785656,0.9878540868260438,0.9806558103021398,0.9902334420764861
19_760_233.png,0.759765625,0.9781029263370333,0.991002964932011,0.969493898779756,0.9845106901630186
19_760_368.png,0.74609375,0.9927696105201075,0.9927912971296255,0.9856644039124682,0.9927804537064342
19_760_399.png,0.7578125,0.9707620316289237,0.9808123684301342,0.9526698622330976,0.9757613211109967
19_760_73.png,0.79296875,0.9811998025754924,0.9794419312939491,0.961399806559395,0.9803200788990003
20_774_122.png,0.75,0.987736976942784,0.9879057055005125,0.9759357386344459,0.9878213340165685
20_774_44.png,0.736328125,0.9875374539283536,0.9600195906583492,0.948527913610432,0.9735841164860731
20_774_62.png,0.744140625,0.9939694819236744,0.9870848708487084,0.9812086590499098,0.9905152135973899
16_716_125.png,0.69921875,0.9870785431359289,0.9943553684825187,0.9815784417331156,0.9907035937215927
16_716_24.png,0.732421875,0.995225102319236,0.9909184406108708,0.9862296728340222,0.9930671022821193
16_716_35.png,0.732421875,0.9903273639785559,0.9965794306703397,0.9869725354674427,0.9934435608444419
16_716_36.png,0.673828125,0.9993033179482713,0.9476618148033447,0.9470361276745002,0.9727976941091695
16_716_37.png,0.70703125,0.9866191390183713,0.9947839870244766,0.9815414272204844,0.990684740411707
16_716_39.png,0.71484375,0.9946036182933458,0.9913898187024747,0.9860857181347549,0.9929941181600597
16_716_41.png,0.69140625,0.9958576280503367,0.9861580932384618,0.9821293732695696,0.990984126984127
16_716_45.png,0.763671875,0.9934855976767915,0.9941618451710867,0.9877230401082037,0.9938236063857628
16_716_47.png,0.8046875,0.9914346237681515,0.9955607620691781,0.9870709417122597,0.9934934088077403
16_716_5.png,0.67578125,0.996702891876957,0.9852515431255804,0.9820508166969147,0.9909441356639898
16_716_50.png,0.7890625,0.9935555501918854,0.9960799496684896,0.9896857644315149,0.9948161484829078
16_716_60.png,0.6953125,0.9878015475648612,0.9898966862043013,0.9779420048216659,0.9888480071081139
16_716_95.png,0.779296875,0.9883833494675702,0.9975393522706713,0.9859794699381237,0.9929402442099198
16_716_99.png,0.765625,0.9872487572941431,0.9947374151635031,0.9821191815673487,0.9909789388050259
16_728_105.png,0.69921875,0.9890925519555958,0.9876264741895985,0.976985847252327,0.9883589693979556
17_731_175.png,0.791015625,0.9973995954926322,0.993563242451201,0.990996163582744,0.9954777228696142
17_731_176.png,0.740234375,0.9942585341244865,0.9942824196415702,0.9886062343246148,0.9942704767395769
17_731_177.png,0.66796875,0.9754529648609077,0.97251619377794,0.9492842353674555,0.9739823655717483
17_731_186.png,0.75,0.9954098038734382,0.9920735884137392,0.9875557070842365,0.9937388960362679
17_731_188.png,0.75,0.9987289849211393,0.9594028359741377,0.9582328649427677,0.9786710070058736
17_731_193.png,0.779296875,0.9946460641794586,0.9886160789464821,0.9833830279071326,0.9916219046653829
17_731_196.png,0.78515625,0.9921787317620651,0.9908234387587125,0.9831445054563147,0.9915006221194119
17_731_217.png,0.779296875,0.9969446122144456,0.9860496169794083,0.9830787556053812,0.9914671848776612
17_731_221.png,0.751953125,0.9928610439260357,0.9450798366134423,0.9387009921439899,0.9683814017198082
17_731_274.png,0.7421875,0.9961375322859648,0.9935008153522558,0.9896882945663433,0.994817426698535
17_731_283.png,0.77734375,0.995278730829008,0.98915831196083,0.9845386244307139,0.9922090830690072
17_731_327.png,0.748046875,0.987702301307498,0.9908655452823883,0.9787901295700255,0.9892813946698921
17_731_358.png,0.71875,0.9851942525720614,0.9782375922442483,0.9640646835695748,0.9817035982923358
18_746_192.png,0.72265625,0.9987484355444305,0.9876434773929534,0.9864226329325917,0.9931649152389269
18_746_223.png,0.755859375,0.9975801129280634,0.9914247540386251,0.9890461419154711,0.9944929090111604
18_746_360.png,0.740234375,0.9984956003406188,0.9854053448372457,0.9839445050488098,0.9919072862621249
18_746_461.png,0.7890625,0.9934085720716376,0.9865568221732606,0.9801408540067255,0.9899708417443687
18_746_466.png,0.76171875,0.9932492095593471,0.9890795631825273,0.9824749239265187,0.9911600011369774
19_760_111.png,0.7265625,0.9956346848288157,0.98894438138479,0.9846748491218553,0.9922782561158945
19_760_112.png,0.701171875,0.9905937563762497,0.9921322597784772,0.9828727604008503,0.9913624111737319
19_760_115.png,0.73046875,0.9915915751417381,0.9963124002421707,0.9879656160458453,0.9939463822427212
19_760_119.png,0.736328125,0.9850727128164354,0.9961096558342195,0.9812974271187307,0.9905604415443737
19_760_12.png,0.771484375,0.9957291390533416,0.9824469630921244,0.9783244103602952,0.9890434604525973
19_760_121.png,0.703125,0.9955021852590487,0.9882684976515933,0.9838753643245056,0.9918721528753975
19_760_123.png,0.654296875,0.9822653323440526,0.985368067531996,0.9681441184339605,0.9838142536069021
19_760_129.png,0.708984375,0.9929791027219761,0.9909029217027676,0.98400874237319,0.9919399258252855
19_760_13.png,0.705078125,0.9923425595525123,0.9954337899543378,0.9878458554943261,0.9938857711365897
19_760_131.png,0.78125,0.9975385843533795,0.9856701505291527,0.9832786885245902,0.991568854356092
19_760_140.png,0.728515625,0.9866861121565675,0.9932278840689525,0.9800925276882098,0.9899461908807702
19_760_144.png,0.685546875,0.9955185518771555,0.9874921008476608,0.9831218136457316,0.9914890823961843
19_760_148.png,0.736328125,0.99177398031631,0.984949792117484,0.9769685276739419,0.9883501067398598
19_760_150.png,0.796875,0.9957067942142569,0.9866381156316917,0.9824586342184568,0.9911517115773472
19_760_151.png,0.70703125,0.9946460810558426,0.9804045899895683,0.9752578997700775,0.9874739899874329
19_760_152.png,0.685546875,0.9957297785811117,0.9684869794528074,0.964481113494113,0.9819194563582688
19_760_155.png,0.7421875,0.9948016206712025,0.9873542578213915,0.982286188762801,0.9910639486177046
19_760_156.png,0.728515625,0.995161405090012,0.9769483316646098,0.9723297258464462,0.9859707665554354
19_760_157.png,0.740234375,0.9926045320944344,0.9939946355242232,0.9866874013336161,0.993299097453657
19_760_16.png,0.697265625,0.9872139509236283,0.9956205901776094,0.9829455768306911,0.9913994497032205
19_760_168.png,0.783203125,0.9460938795820202,0.9862539984438489,0.933780797249734,0.9657566137566138
19_760_177.png,0.763671875,0.994884651421915,0.9737037771388917,0.9688532675709002,0.9841802672946128
19_760_184.png,0.73046875,0.9954892904410771,0.9746139200338481,0.9703288313192744,0.9849410066943706
19_760_186.png,0.736328125,0.9935925034823351,0.9933157788130443,0.9869933834813455,0.9934541218774136
19_760_187.png,0.68359375,0.9920546727414157,0.9889044788243547,0.9811338034618555,0.9904770710059171
19_760_190.png,0.728515625,0.9874287448251945,0.9911236810616774,0.9787732302073262,0.9892727628064536
19_760_194.png,0.775390625,0.9810163722786222,0.9938765197229571,0.9751224918338778,0.9874045745167815
19_760_195.png,0.73828125,0.9759029678527344,0.9847553545801631,0.9613788363424886,0.9803091769208998
19_760_20.png,0.71875,0.9773008755071535,0.9903061776479498,0.9680401032192563,0.983760545972379
19_760_202.png,0.724609375,0.994320115724983,0.976925488556798,0.9715039906883938,0.9855460554753144
19_760_208.png,0.7109375,0.9913618783988064,0.9892062372668861,0.980752796768179,0.9902828847379517
19_760_210.png,0.6953125,0.9911936417602905,0.9602652154281233,0.9521419482539234,0.9754843382219809
19_760_216.png,0.669921875,0.9792503063854964,0.9883768047943015,0.9681017735163251,0.9837923897468557
19_760_223.png,0.7578125,0.9849442277048189,0.9848630532128239,0.9702562992232536,0.9849036387862471
19_760_229.png,0.744140625,0.972135296198536,0.9885168788046486,0.9612797330750188,0.9802576520462623
19_760_23.png,0.71875,0.9912606456724103,0.973734769814441,0.9654465663580247,0.9824195507354835
19_760_24.png,0.8046875,0.9883008071932154,0.9918732535185992,0.9803623463828709,0.990083807817798
19_760_246.png,0.74609375,0.9883888090235541,0.987864453237251,0.9765317716982781,0.9881265615672054
19_760_258.png,0.76953125,0.9965127691119046,0.9946434898601472,0.9911934532463756,0.9955772520549089
19_760_260.png,0.693359375,0.9932449987009613,0.9904145077720208,0.9837879567678847,0.9918277338176158
19_760_262.png,0.724609375,0.9959006328516105,0.9789786443825441,0.9750494756505816,0.987367139579529
19_760_264.png,0.671875,0.9978439612643888,0.9695527899586344,0.9675259101780495,0.9834949620465165
19_760_268.png,0.748046875,0.9958490476529329,0.9876961441644906,0.9836465020383299,0.99175584059717
19_760_277.png,0.728515625,0.9845258341916785,0.989098522404582,0.973957345971564,0.9868068810698551
19_760_279.png,0.734375,0.9979070081469146,0.9912147359949927,0.989158319762643,0.9945496142113764
19_760_290.png,0.712890625,0.9964095414526078,0.9876760563380281,0.9841733947030861,0.9920235775062983
19_760_291.png,0.75,0.9939991540657714,0.9765986182535972,0.9708745384595523,0.9852220620987816
19_760_296.png,0.67578125,0.9893504634678298,0.983751821354749,0.9734437607926635,0.9865431993883272
19_760_298.png,0.744140625,0.990993837889082,0.9944768901456092,0.985569494277558,0.9927323089098463
19_760_299.png,0.69140625,0.996822922910922,0.9905289492494639,0.9874116738910991,0.9936659695249477
19_760_302.png,0.677734375,0.9938557614826753,0.9921901186565664,0.9861411866608921,0.9930222416048844
19_760_311.png,0.693359375,0.9972325075390311,0.9916679319769207,0.9889463025003312,0.9944424354313774
19_760_314.png,0.779296875,0.995057881872633,0.9972006137116094,0.9922860586580956,0.9961280955069775
19_760_315.png,0.728515625,0.9905674281503316,0.9843910196053816,0.9752492692937543,0.9874695659474435
19_760_318.png,0.689453125,0.9797277789234894,0.9902242788060697,0.970342531505954,0.9849480646030726
19_760_319.png,0.75390625,0.9933825862303404,0.990845181853116,0.9843479823044621,0.9921122616420528
19_760_32.png,0.697265625,0.9879207744915179,0.9896347702299925,0.9778031734868797,0.9887770295797498
19_760_323.png,0.755859375,0.9915966386554622,0.9949555257706836,0.9866363790145236,0.9932732425890111
19_760_333.png,0.751953125,0.9900828729281768,0.9738079065344383,0.9644010332579916,0.9818779535648243
19_760_338.png,0.7265625,0.9963237812535678,0.9903988015525342,0.9867927088515989,0.9933524564039522
19_760_342.png,0.66796875,0.9955284029221795,0.9836900194556066,0.9793627805937726,0.989573806475215
19_760_343.png,0.775390625,0.9965922688725872,0.9963071801940031,0.9929245283018868,0.9964497041420118
19_760_345.png,0.69140625,0.9964450296247531,0.990909430997718,0.9874186874429182,0.9936695208530673
19_760_348.png,0.685546875,0.9978980348608936,0.9866094184997843,0.984563311942401,0.9922216197564944
19_760_349.png,0.638671875,0.9736350720519586,0.9885017206206598,0.9627317973829975,0.9810120757880961
19_760_350.png,0.669921875,0.9968419303008477,0.9814353510191465,0.978393271461717,0.9890786483911163
19_760_353.png,0.623046875,0.9722435733196686,0.9953833240067151,0.9678790661293339,0.9836773842338568
19_760_357.png,0.75,0.9832458307597283,0.9949736965466951,0.9783861302466133,0.9890749993527843
19_760_358.png,0.703125,0.9908675799086758,0.991435917721519,0.9824585472933245,0.9911516673422376
19_760_371.png,0.693359375,0.9923977260060194,0.9792982070179298,0.9720062887588435,0.985804451334293
19_760_375.png,0.751953125,0.9932212786331679,0.9949261643316926,0.9882158258950958,0.9940729904915635
19_760_379.png,0.69921875,0.9799423789271505,0.936760655737705,0.9191373275684579,0.9578650932010192
19_760_380.png,0.716796875,0.9899471675961257,0.9718340296787207,0.962336828589771,0.9808069792802617
19_760_392.png,0.767578125,0.9846421730802717,0.9862564531882239,0.9713147136624412,0.9854486520398027
19_760_393.png,0.734375,0.9695465193524702,0.933607164500707,0.9070094527851372,0.9512375006431916
19_760_40.png,0.6484375,0.9913007810497172,0.9902345750674361,0.9817037049574328,0.9907673912115131
19_760_401.png,0.716796875,0.9714535674940056,0.9500586240770669,0.9242555028053517,0.960636985533251
19_760_404.png,0.755859375,0.9917391450350919,0.9935407905803196,0.9853858730105769,0.9926391503092228
19_760_422.png,0.76171875,0.993475582437276,0.990701440857813,0.9842974060202525,0.9920865723393546
19_760_44.png,0.67578125,0.9982953932463049,0.981230514729274,0.9795892441244971,0.9896893984769402
19_760_45.png,0.689453125,0.9947451086851137,0.992205481306694,0.9870319775272252,0.9934736719793945
19_760_61.png,0.73828125,0.9926392508929434,0.9849849130705494,0.9778427596700188,0.9887972690338247
19_760_62.png,0.71875,0.9977060500034757,0.9847906136358439,0.9825658345123454,0.9912062615101289
19_760_64.png,0.751953125,0.9982027612123192,0.9771291483406638,0.9754131076873952,0.9875535440071124
19_760_66.png,0.76953125,0.9968316161176414,0.9946664735978377,0.9915317439314841,0.9957478678939866
19_760_72.png,0.75,0.9889228058029392,0.9868111163447951,0.9760226108022486,0.9878658325736381
19_760_78.png,0.697265625,0.989866480303086,0.9930809254954057,0.9830864490675629,0.9914710975205393
19_760_82.png,0.748046875,0.9868472998524737,0.9952431843423231,0.9822145013856144,0.9910274601452299
19_760_86.png,0.693359375,0.9921841432225064,0.986091058828314,0.978490284307593,0.9891282176804144
19_760_88.png,0.671875,0.9954687974107413,0.9662857367263588,0.9620542696277761,0.980660203461435
19_760_89.png,0.673828125,0.9841256969082616,0.9838863327725642,0.9685155626496409,0.9840060002837973
19_760_96.png,0.72265625,0.9929666366095582,0.9811868333290904,0.9744147241745462,0.9870415898381478
19_760_97.png,0.779296875,0.9953642938925968,0.9900558317824505,0.9855116542704676,0.992702966160702
19_770_3.png,0.712890625,0.9897873405948739,0.9943222653442576,0.9842246607501735,0.9920496204074682
20_774_32.png,0.791015625,0.9957532861476238,0.9942309911157263,0.9900330317391929,0.9949915563702495
16_728_87.png,0.791015625,0.9901402383573445,0.9732768760291696,0.9639345790037743,0.9816361393185916
16_728_89.png,0.806640625,0.9855427046263345,0.9830828110266793,0.9691071135655311,0.984311220947991
17_731_101.png,0.82421875,0.8506985472996456,0.9840797620004824,0.83914981145012,0.9125410080524903
17_731_102.png,0.845703125,0.779946949602122,0.9964755320591027,0.7778012908686911,0.8750148791810499
17_731_103.png,0.8671875,0.1371218546791066,1.0,0.1371218546791066,0.24117354549975137
17_731_135.png,0.853515625,0.9779398018321181,0.9929764616552772,0.9712216858522095,0.9854007723462371
17_731_138.png,0.86328125,0.957426221577165,0.9875249500998003,0.9459847036328872,0.9722426922132155
17_731_144.png,0.68359375,0.9368806220460436,0.9872675422741696,0.9256957782548111,0.9614143508106311
17_731_149.png,0.80078125,0.9436158603128411,0.9808419460549533,0.9265388736754375,0.9618688585377912
17_731_151.png,0.82421875,0.9871062810830724,0.9922236622847621,0.9795284225918479,0.9896583564173593
17_731_152.png,0.8046875,0.9877697418709943,0.9811353813806798,0.9693594922100404,0.9844413841600984
17_731_157.png,0.833984375,0.9552816901408451,0.9829710144927536,0.9397298233460339,0.9689285714285714
17_731_160.png,0.85546875,0.0,0.0,0.0,0.0
17_731_166.png,0.84765625,0.7744862264975951,0.9973254504504504,0.7728809861459583,0.8718926901304455
17_731_202.png,0.82421875,0.7347933955000427,0.9871279163314561,0.7278196762986188,0.8424717999019127
17_731_205.png,0.900390625,0.8061068702290076,0.9777777777777777,0.7916041979010495,0.8836820083682008
17_731_210.png,0.90625,0.39315743693824295,1.0,0.39315743693824295,0.5644120707596254
17_731_22.png,0.80078125,0.9231842903210281,0.9879474633015709,0.912902765218219,0.9544685509554139
17_731_24.png,0.814453125,0.9881200834804945,0.9869581484846865,0.9753842903174686,0.9875387742004492
17_731_248.png,0.822265625,0.8900768195137404,0.9633153338476044,0.8608962083492915,0.925249032682967
17_731_258.png,0.830078125,0.9694229112833764,0.9565697773244943,0.9285537496906195,0.9629534565366189
17_731_259.png,0.84375,0.7192118226600985,0.988664802002061,0.7133297928836962,0.8326824127456451
17_731_26.png,0.859375,0.8488958990536277,0.9772424645926643,0.8324396782841823,0.908558888076079
17_731_268.png,0.875,0.569371727748691,0.987389659520807,0.5652613341033785,0.7222580942717461
17_731_271.png,0.896484375,0.0,0.0,0.0,0.0
17_731_28.png,0.8515625,0.944516645006498,0.9832448745967323,0.9295552931916569,0.9634917397511727
17_731_296.png,0.837890625,0.9085475683641723,0.9871897518014412,0.8979608350865836,0.9462374760179066
17_731_305.png,0.8359375,0.7869822485207101,0.988637570351492,0.7799279550975957,0.8763590153904081
17_731_309.png,0.84765625,0.7222632745698301,0.9688473520249221,0.7058702156195192,0.8275778651345631
17_731_310.png,0.833984375,0.8488443624220054,0.9550128534704371,0.8162075376035153,0.8988042618526964
17_731_316.png,0.818359375,0.9310796826491894,0.9607061503416856,0.8969229746793381,0.9456609326279648
17_731_319.png,0.87109375,0.7832722832722833,0.9765565535089055,0.7688159156279961,0.8693000880818483
17_731_34.png,0.896484375,0.21917507678806494,1.0,0.21917507678806494,0.35954651790534464
17_731_36.png,0.833984375,0.9068663556755872,0.9936334289813487,0.9016273393002441,0.9482692225407556
17_731_38.png,0.806640625,0.9233130611062844,0.9794175473089212,0.9057386363636364,0.950538147342059
17_731_388.png,0.814453125,0.903656372026979,0.9929786238102668,0.8979188712522046,0.9462141768575995
17_731_391.png,0.833984375,0.9283358073560943,0.9691777873439518,0.9017141941685357,0.9483172570658355
17_731_392.png,0.830078125,0.9569697923222152,0.9751503006012024,0.9341882967286131,0.9659745106602613
17_731_48.png,0.8046875,0.9849730817014731,0.9811420826212505,0.9666724728560646,0.983053849787435
17_731_52.png,0.806640625,0.9613076161062876,0.9815553043374784,0.9442504722110927,0.9713259538389072
17_731_60.png,0.83984375,0.0,0.0,0.0,0.0
17_731_63.png,0.908203125,0.20782586162218192,0.980440097799511,0.20696774193548387,0.342954885610434
17_731_78.png,0.765625,0.8731713745991302,0.9951932705788104,0.8695043527713373,0.9301977301977302
17_731_85.png,0.79296875,0.9153672599649035,0.9921204216932942,0.9087605774016924,0.9521996505593658
17_731_86.png,0.796875,0.9158010938832857,0.99352204681546,0.9103651237031125,0.953079714875062
17_731_90.png,0.86328125,0.04258856631282773,1.0,0.04258856631282773,0.08169774288518154
17_731_92.png,0.814453125,0.8106993312917943,0.9810179233154352,0.7981786857002215,0.8877634820695319
17_731_94.png,0.830078125,0.9153352130325815,0.9741602067183462,0.8936381709741551,0.9438320209973754
17_742_10.png,0.8046875,0.9941169159381862,0.9790281121220776,0.9733885035089854,0.9865148213624964
17_742_101.png,0.810546875,0.9968449197860962,0.9864528761179023,0.9833825701624815,0.9916216719419102
17_742_109.png,0.83984375,0.9926012746318951,0.9859564869388052,0.9787633631898295,0.9892677228590203
17_742_122.png,0.775390625,0.9961010787992496,0.9939739651894106,0.9901218019698118,0.9950363851999355
17_742_126.png,0.826171875,0.9792894694917954,0.9854119910227637,0.9652952261306532,0.9823411905713143
17_742_127.png,0.8125,0.994298628589039,0.9776273925559316,0.972177581357975,0.9858925388337153
17_742_128.png,0.80078125,0.990339079371093,0.993161094224924,0.9836312323612417,0.9917480792943185
17_742_13.png,0.80078125,0.9925569620253164,0.984926895442898,0.9777057356608478,0.9887272085340326
17_742_140.png,0.74609375,0.9521925168098317,0.991291824362796,0.944293781705644,0.9713488677387595
17_742_155.png,0.796875,0.9855948158851088,0.9832270463876999,0.9692976790251044,0.9844095073579253
17_742_18.png,0.81640625,0.9922568460812087,0.9881512130900884,0.9805897723030982,0.9901997738409348
17_742_19.png,0.837890625,0.9951044386422977,0.9899886357486877,0.9851903710485217,0.9925399452025067
17_742_40.png,0.83203125,0.9920882920018615,0.9808071513080058,0.9731950694580317,0.9864154685176004
17_742_43.png,0.806640625,0.937112836195405,0.9879308919566835,0.9265059306923017,0.961851106639839
17_742_48.png,0.79296875,0.9958432057197489,0.980598420040113,0.9766010354245649,0.9881620194687344
17_742_5.png,0.796875,0.9980248509660274,0.9831257959530211,0.9812166790241147,0.9905192999964358
17_742_59.png,0.814453125,0.9965291955900367,0.9733577952379053,0.9700691628905318,0.9848072150596211
17_742_77.png,0.8125,0.9863440911023957,0.9883054779603239,0.974964969640355,0.987323810424747
17_742_82.png,0.791015625,0.9929944539427047,0.9872310434890759,0.9804026514059863,0.9901043615650077
17_742_83.png,0.796875,0.9826086956521739,0.9405821379960213,0.9251802265705459,0.9611362238211142
17_742_84.png,0.8203125,0.9666440044191382,0.9952749704685654,0.962228237881736,0.980750576620465
17_742_94.png,0.822265625,0.9977870135477951,0.9733572030328559,0.971260442389534,0.985420720168448
17_742_98.png,0.84375,0.9937769267592149,0.9926681542875359,0.9865357199429748,0.9932222310820508
18_756_16.png,0.78515625,0.9908038396717227,0.9914940421631531,0.9824529535711691,0.9911488207590391
19_760_409.png,0.82421875,0.9753612572417927,0.9912696264212236,0.9670540076587878,0.983251099251502
20_774_265.png,0.853515625,0.9459577249945522,0.9981604966659002,0.9443115075048945,0.9713582456925487
20_774_322.png,0.8125,0.9563037785260008,0.7900234886883422,0.7624985085312015,0.8652472666960024
20_774_329.png,0.810546875,0.975283313794451,0.5725838829939777,0.5643939393939394,0.7215496368038741
20_774_71.png,0.767578125,0.9729028538483713,0.942079553384508,0.9179926560587516,0.9572431397574984
16_716_107.png,0.69921875,0.9955394892609505,0.9910143097643098,0.9866334248182523,0.9932717455496498
16_716_111.png,0.697265625,0.9449489437992049,0.9944831829368335,0.9400213240283029,0.9690834965426275
16_716_120.png,0.6953125,0.9922854761489407,0.9956821939122824,0.9880338911084091,0.9939809331495252
16_716_121.png,0.693359375,0.9941732675320366,0.9948953124027308,0.9891277438521208,0.9945341589138844
16_716_122.png,0.673828125,0.9832240111309879,0.9989902253816948,0.9822478157267672,0.9910444172860777
16_716_32.png,0.732421875,0.9945202093032838,0.9954430170938409,0.9900129196316879,0.9949813992312371
16_716_85.png,0.73046875,0.9939704094041346,0.9875405874801783,0.9816598693922486,0.9907450663501723
16_716_97.png,0.69140625,0.9709485731054215,0.9930967209424476,0.9644392625519201,0.981897766896654
17_731_183.png,0.705078125,0.993203473780068,0.9850861347314623,0.9784901531728665,0.989128150679629
17_731_189.png,0.734375,0.9960683072404728,0.9929873441632037,0.9891104943788513,0.9945254395610893
17_731_325.png,0.654296875,0.9846314773093016,0.9951409925386789,0.9799203219154772,0.9898583403270003
17_731_330.png,0.783203125,0.9979936369629396,0.9801266713581984,0.9781991852788313,0.9889794643110745
17_731_351.png,0.677734375,0.9673189009159034,0.9950323326624128,0.9626698707325158,0.9809799244263369
17_731_357.png,0.74609375,0.9861169763513513,0.9826157851826526,0.9692080209603362,0.9843632675106374
17_731_360.png,0.7421875,0.9960795844359502,0.9879459512005444,0.9841192989251477,0.9919960956564178
17_731_366.png,0.779296875,0.9972415447349484,0.9899104140004167,0.9872072660354397,0.9935624561246285
17_742_133.png,0.689453125,0.9983567000873653,0.9742803783849621,0.9727204556048722,0.9861716117366648
17_742_135.png,0.72265625,0.9973615311237848,0.9912255930288849,0.9886331629984307,0.9942840956225276
18_746_217.png,0.724609375,0.9979124970409108,0.9929548812608407,0.9908966578340029,0.9954275164759677
18_746_301.png,0.705078125,0.9985284467158511,0.9845107150559771,0.9830843628247548,0.9914700365287787
18_746_302.png,0.77734375,0.9975417032484636,0.9870191114420451,0.984624145785877,0.9922525107604017
18_746_303.png,0.75,0.9894150580276433,0.9909175865895684,0.9805230458026297,0.9901657523053577
18_746_319.png,0.7109375,0.9990015531395607,0.9812361068735562,0.980274759966036,0.9900391398038614
18_746_321.png,0.58203125,0.9957443234314192,0.9666766328721699,0.9626992935062123,0.9809952005295968
18_746_421.png,0.703125,0.9973445262977557,0.9925323512863792,0.9899163379132091,0.9949326200832315
18_746_453.png,0.720703125,0.9862250006765717,0.9828204644138191,0.9695115462381612,0.9845197892746185
18_746_481.png,0.68359375,0.997620221683854,0.9848667640273456,0.9825583850669369,0.9912024709766749
18_746_514.png,0.720703125,0.9983917886621101,0.9889891062434111,0.9874160877599233,0.9936682045005178
18_746_517.png,0.736328125,0.999197081966461,0.9835384441684544,0.9827617328519855,0.9913059310847102
18_746_555.png,0.748046875,0.9963126460659569,0.9895801093572681,0.9859690599784139,0.9929349654512047
18_746_566.png,0.732421875,0.9991536285154644,0.9857568889419063,0.9849344457687723,0.9924100494787914
18_746_567.png,0.744140625,0.9976174876407171,0.9861924809373804,0.9838752312979117,0.9918720852764823
20_774_103.png,0.73046875,0.9970081840642372,0.9951641491985204,0.9922011563802609,0.9960853131749461
20_774_109.png,0.69921875,0.9954769584399215,0.9954031510658017,0.99092150422556,0.995440053384741
20_774_110.png,0.73046875,0.9982996483363604,0.9939592150827241,0.9922793270338788,0.9961247035687432
20_774_118.png,0.708984375,0.9974843404413378,0.9915912790990417,0.9891176963000168,0.9945290800437673
20_774_12.png,0.72265625,0.99268851479231,0.9942136557723772,0.9869862335347133,0.9934504999352028
20_774_126.png,0.734375,0.9948015291721748,0.9949970518341166,0.9898503323971701,0.994899280896869
20_774_135.png,0.724609375,0.9884185303514377,0.9949748743718593,0.9835088416451421,0.9916858659721526
20_774_148.png,0.650390625,0.9907786885245902,0.9940512301988541,0.9849388034530548,0.9924122615162018
20_774_149.png,0.7265625,0.9948988489710499,0.9846173761083903,0.9796715681013202,0.9897314119037549
20_774_15.png,0.712890625,0.9870531003062984,0.9934457656537395,0.9806669394435352,0.9902391158394876
20_774_158.png,0.791015625,0.9962190650779101,0.9895750347119477,0.9858723751644065,0.9928859351626642
20_774_162.png,0.669921875,0.9949316568360823,0.987329571343451,0.9823885333658826,0.991116036872845
20_774_163.png,0.697265625,0.9884722148552839,0.989662070064258,0.9783700540748648,0.9890667846085802
20_774_165.png,0.693359375,0.995185123692512,0.988710091272314,0.9840030644072744,0.9919370408848109
20_774_167.png,0.6796875,0.9961507760532151,0.9922609371687044,0.9884709485505078,0.9942020518540157
20_774_176.png,0.662109375,0.964359351988218,0.9873691679971616,0.9526075273418112,0.9757286233948371
20_774_180.png,0.755859375,0.994768451180031,0.9936495289872054,0.9884840431731823,0.9942086752637749
20_774_183.png,0.71875,0.9761689691817216,0.9917942073582207,0.968348091924942,0.9839195576204693
20_774_185.png,0.689453125,0.990910374527869,0.990368501825751,0.9814523459897909,0.9906393640766848
20_774_201.png,0.6171875,0.9576848969912554,0.993755863490257,0.9519565089280453,0.975387007419372
20_774_203.png,0.7109375,0.9969245444378659,0.995107937289666,0.9920624529475304,0.996015412548575
20_774_208.png,0.734375,0.993140243902439,0.9946564885496183,0.9878695981804397,0.9938977879481312
20_774_221.png,0.69921875,0.9852043765925101,0.989250085999312,0.9747685528462174,0.9872230864131308
20_774_222.png,0.681640625,0.9721288363518057,0.9595375722543352,0.9338472757578914,0.9657921672143512
20_774_223.png,0.68359375,0.9831470293275933,0.9735267759827548,0.9575471698113207,0.9783132530120482
20_774_224.png,0.62890625,0.9848631295522801,0.9868218528959065,0.9720783645655877,0.9858415183006367
20_774_226.png,0.76953125,0.9927011159887872,0.9920452443246386,0.9848616030434212,0.9923730717882967
20_774_235.png,0.6875,0.9777041222922553,0.9938140913526152,0.9717901634622309,0.985693286709456
20_774_236.png,0.705078125,0.9863318916287517,0.9887942037690517,0.9754286560752509,0.9875615128649764
20_774_254.png,0.693359375,0.9766198116333002,0.9906385021603457,0.9676889889326581,0.9835792082747443
20_774_262.png,0.701171875,0.9972358069317457,0.9935675217625761,0.990838727024795,0.9953982847275149
20_774_267.png,0.703125,0.9877836308852768,0.9941618187069357,0.9820868147544325,0.9909624618295103
20_774_271.png,0.74609375,0.994290508261285,0.9813916043703278,0.9758920402561757,0.9877989489037575
20_774_276.png,0.78515625,0.9953927214802107,0.9855385436634072,0.9810632593415618,0.9904411226803872
20_774_293.png,0.7421875,0.9871233956082692,0.9918536575202617,0.979184664116171,0.9894828732956434
20_774_294.png,0.732421875,0.9952987596280983,0.9869100141513361,0.9823307647692435,0.9910866362239941
20_774_295.png,0.755859375,0.9968977722256923,0.9930315034116598,0.9899722945871067,0.9949608818976176
20_774_296.png,0.775390625,0.9958219159499715,0.9957138594254401,0.9915714401491207,0.9957678847562463
20_774_30.png,0.673828125,0.9981490709760091,0.9860402967755547,0.9842406373942648,0.9920577361894823
20_774_317.png,0.724609375,0.9804623220582473,0.9975285676322083,0.9780864036687685,0.9889218204570902
20_774_34.png,0.708984375,0.9882619647355164,0.9874411698084715,0.9759944277220827,0.9878513967746403
20_774_4.png,0.681640625,0.9966705736465712,0.9922712667004905,0.9889930216094124,0.9944660547970745
20_774_45.png,0.681640625,0.9971099297106362,0.9856626399788379,0.9828547312149402,0.9913532400961342
20_774_6.png,0.728515625,0.9955498417721519,0.9906758186336015,0.9863080804369657,0.9931068499907516
20_774_68.png,0.72265625,0.9940329516355028,0.9894673560177949,0.9836249760948557,0.9917448993118742
20_774_78.png,0.640625,0.9935682728860578,0.9567643508716386,0.9508751229105211,0.9748190560674179
20_774_84.png,0.75390625,0.9913037428690692,0.9898805113004817,0.9813586170481416,0.9905916158783862
20_774_85.png,0.734375,0.9916790356677012,0.9915229465068693,0.9833418816760698,0.9916009849447375
20_774_87.png,0.669921875,0.9889419674451522,0.9526812535952447,0.9426397116175138,0.9704730176988269
20_774_88.png,0.744140625,0.9923552586949148,0.9971946199627697,0.9895925482645574,0.9947690537218182
20_774_90.png,0.611328125,0.9890525446081002,0.9783729410285427,0.9678914060920809,0.983683757239592
20_774_95.png,0.697265625,0.9859931981357853,0.9947389823616124,0.9808781514711042,0.9903467820498223
20_785_32.png,0.708984375,0.9936956787856531,0.9963790352276912,0.9901201439287675,0.9950355479284139
16_716_30.png,0.767578125,0.9947314282847036,0.9961559720617055,0.990927721683495,0.9954431905198278
17_731_173.png,0.6796875,0.9932656909401095,0.9908279889649242,0.9842162393010303,0.9920453424448689
17_731_18.png,0.73828125,0.9965468156895825,0.989064176019674,0.9856859779944726,0.9927913969458633
17_731_3.png,0.72265625,0.9834485267369952,0.9978907959608743,0.9814084945288596,0.9906170254531179
17_731_359.png,0.689453125,0.9893731645997507,0.9890179514255544,0.9786220299667733,0.9891955261240137
17_731_5.png,0.705078125,0.9911600386600976,0.9943478774979307,0.9856071261134552,0.9927513989563904
17_731_69.png,0.791015625,0.9919403947415554,0.9937914947066212,0.9858312566749733,0.9928650819260694
18_746_153.png,0.705078125,0.9824849246766529,0.9915061070015483,0.9742847483412923,0.9869749023385241
18_746_203.png,0.677734375,0.9892657642670776,0.9841817358280199,0.9737826424200637,0.9867172012680225
18_746_279.png,0.673828125,0.9982684683226798,0.9856989917389707,0.9840165895677141,0.9919439129106434
18_746_480.png,0.8203125,0.9987446146823019,0.9806970359164006,0.979489618893055,0.9896385508106809
18_756_44.png,0.69921875,0.9952466060767388,0.9936218678815489,0.9889287738522577,0.9944335733419457
19_760_172.png,0.693359375,0.9921328815800347,0.9911663694604055,0.9834370904325033,0.9916493900172628
19_760_175.png,0.76171875,0.991688080130054,0.9863860417807683,0.9782979824107605,0.9890299551522601